# Linear P(k) at z=0, Eisenstein-Hu (full, with BAO)
# Om=0.31 Ob=0.048 h=0.676 ns=0.965 sigma8=0.81
# k [h/Mpc]    P(k) [(Mpc/h)^3]
1.00000000e-04 4.10072351e+02
1.01245643e-04 4.14998613e+02
1.02506803e-04 4.19984007e+02
1.03783672e-04 4.25029240e+02
1.05076446e-04 4.30135030e+02
1.06385324e-04 4.35302101e+02
1.07710506e-04 4.40531187e+02
1.09052194e-04 4.45823029e+02
1.10410596e-04 4.51178380e+02
1.11785918e-04 4.56597999e+02
1.13178372e-04 4.62082655e+02
1.14588170e-04 4.67633126e+02
1.16015530e-04 4.73250199e+02
1.17460670e-04 4.78934672e+02
1.18923811e-04 4.84687349e+02
1.20405177e-04 4.90509048e+02
1.21904996e-04 4.96400592e+02
1.23423498e-04 5.02362818e+02
1.24960914e-04 5.08396570e+02
1.26517481e-04 5.14502703e+02
1.28093438e-04 5.20682082e+02
1.29689025e-04 5.26935583e+02
1.31304488e-04 5.33264090e+02
1.32940073e-04 5.39668500e+02
1.34596032e-04 5.46149720e+02
1.36272619e-04 5.52708667e+02
1.37970090e-04 5.59346268e+02
1.39688705e-04 5.66063464e+02
1.41428728e-04 5.72861204e+02
1.43190425e-04 5.79740449e+02
1.44974067e-04 5.86702173e+02
1.46779927e-04 5.93747358e+02
1.48608281e-04 6.00877001e+02
1.50459410e-04 6.08092109e+02
1.52333598e-04 6.15393702e+02
1.54231131e-04 6.22782809e+02
1.56152301e-04 6.30260475e+02
1.58097401e-04 6.37827755e+02
1.60066731e-04 6.45485716e+02
1.62060591e-04 6.53235439e+02
1.64079288e-04 6.61078017e+02
1.66123131e-04 6.69014556e+02
1.68192432e-04 6.77046173e+02
1.70287510e-04 6.85174002e+02
1.72408685e-04 6.93399185e+02
1.74556282e-04 7.01722883e+02
1.76730631e-04 7.10146266e+02
1.78932064e-04 7.18670520e+02
1.81160919e-04 7.27296844e+02
1.83417538e-04 7.36026451e+02
1.85702266e-04 7.44860568e+02
1.88015454e-04 7.53800437e+02
1.90357456e-04 7.62847314e+02
1.92728631e-04 7.72002468e+02
1.95129342e-04 7.81267185e+02
1.97559958e-04 7.90642765e+02
2.00020850e-04 8.00130522e+02
2.02512396e-04 8.09731787e+02
2.05034978e-04 8.19447906e+02
2.07588983e-04 8.29280239e+02
2.10174801e-04 8.39230162e+02
2.12792829e-04 8.49299069e+02
2.15443469e-04 8.59488367e+02
2.18127126e-04 8.69799482e+02
2.20844212e-04 8.80233854e+02
2.23595143e-04 8.90792940e+02
2.26380341e-04 9.01478215e+02
2.29200232e-04 9.12291169e+02
2.32055250e-04 9.23233311e+02
2.34945830e-04 9.34306165e+02
2.37872417e-04 9.45511274e+02
2.40835459e-04 9.56850198e+02
2.43835410e-04 9.68324515e+02
2.46872729e-04 9.79935819e+02
2.49947883e-04 9.91685725e+02
2.53061342e-04 1.00357586e+03
2.56213583e-04 1.01560789e+03
2.59405091e-04 1.02778346e+03
2.62636353e-04 1.04010428e+03
2.65907865e-04 1.05257204e+03
2.69220128e-04 1.06518847e+03
2.72573651e-04 1.07795532e+03
2.75968946e-04 1.09087436e+03
2.79406535e-04 1.10394735e+03
2.82886943e-04 1.11717612e+03
2.86410706e-04 1.13056248e+03
2.89978361e-04 1.14410828e+03
2.93590457e-04 1.15781538e+03
2.97247547e-04 1.17168567e+03
3.00950191e-04 1.18572106e+03
3.04698957e-04 1.19992346e+03
3.08494419e-04 1.21429483e+03
3.12337159e-04 1.22883714e+03
3.16227766e-04 1.24355239e+03
3.20166836e-04 1.25844257e+03
3.24154973e-04 1.27350973e+03
3.28192787e-04 1.28875593e+03
3.32280899e-04 1.30418324e+03
3.36419933e-04 1.31979376e+03
3.40610526e-04 1.33558962e+03
3.44853318e-04 1.35157297e+03
3.49148960e-04 1.36774597e+03
3.53498111e-04 1.38411082e+03
3.57901436e-04 1.40066974e+03
3.62359611e-04 1.41742496e+03
3.66873319e-04 1.43437875e+03
3.71443252e-04 1.45153340e+03
3.76070110e-04 1.46889122e+03
3.80754602e-04 1.48645454e+03
3.85497446e-04 1.50422573e+03
3.90299369e-04 1.52220717e+03
3.95161107e-04 1.54040127e+03
4.00083405e-04 1.55881046e+03
4.05067017e-04 1.57743721e+03
4.10112707e-04 1.59628400e+03
4.15221248e-04 1.61535334e+03
4.20393424e-04 1.63464777e+03
4.25630026e-04 1.65416985e+03
4.30931858e-04 1.67392216e+03
4.36299732e-04 1.69390733e+03
4.41734470e-04 1.71412799e+03
4.47236906e-04 1.73458681e+03
4.52807883e-04 1.75528647e+03
4.58448253e-04 1.77622971e+03
4.64158883e-04 1.79741927e+03
4.69940647e-04 1.81885791e+03
4.75794431e-04 1.84054845e+03
4.81721133e-04 1.86249371e+03
4.87721660e-04 1.88469654e+03
4.93796932e-04 1.90715983e+03
4.99947880e-04 1.92988648e+03
5.06175447e-04 1.95287943e+03
5.12480588e-04 1.97614165e+03
5.18864268e-04 1.99967613e+03
5.25327466e-04 2.02348589e+03
5.31871172e-04 2.04757398e+03
5.38496389e-04 2.07194348e+03
5.45204133e-04 2.09659748e+03
5.51995432e-04 2.12153913e+03
5.58871326e-04 2.14677158e+03
5.65832869e-04 2.17229802e+03
5.72881128e-04 2.19812167e+03
5.80017184e-04 2.22424577e+03
5.87242129e-04 2.25067361e+03
5.94557071e-04 2.27740847e+03
6.01963131e-04 2.30445369e+03
6.09461444e-04 2.33181263e+03
6.17053160e-04 2.35948867e+03
6.24739441e-04 2.38748524e+03
6.32521466e-04 2.41580576e+03
6.40400427e-04 2.44445372e+03
6.48377532e-04 2.47343261e+03
6.56454003e-04 2.50274596e+03
6.64631078e-04 2.53239733e+03
6.72910011e-04 2.56239029e+03
6.81292069e-04 2.59272846e+03
6.89778538e-04 2.62341548e+03
6.98370718e-04 2.65445500e+03
7.07069926e-04 2.68585073e+03
7.15877495e-04 2.71760638e+03
7.24794775e-04 2.74972569e+03
7.33823132e-04 2.78221245e+03
7.42963951e-04 2.81507044e+03
7.52218631e-04 2.84830350e+03
7.61588592e-04 2.88191547e+03
7.71075269e-04 2.91591023e+03
7.80680117e-04 2.95029169e+03
7.90404606e-04 2.98506377e+03
8.00250228e-04 3.02023041e+03
8.10218491e-04 3.05579561e+03
8.20310923e-04 3.09176335e+03
8.30529071e-04 3.12813767e+03
8.40874501e-04 3.16492260e+03
8.51348797e-04 3.20212222e+03
8.61953566e-04 3.23974061e+03
8.72690433e-04 3.27778190e+03
8.83561043e-04 3.31625021e+03
8.94567062e-04 3.35514970e+03
9.05710176e-04 3.39448454e+03
9.16992094e-04 3.43425894e+03
9.28414545e-04 3.47447709e+03
9.39979278e-04 3.51514325e+03
9.51688067e-04 3.55626164e+03
9.63542705e-04 3.59783655e+03
9.75545010e-04 3.63987225e+03
9.87696821e-04 3.68237303e+03
1.00000000e-03 3.72534323e+03
1.01245643e-03 3.76878715e+03
1.02506803e-03 3.81270914e+03
1.03783672e-03 3.85711356e+03
1.05076446e-03 3.90200476e+03
1.06385324e-03 3.94738712e+03
1.07710506e-03 3.99326501e+03
1.09052194e-03 4.03964284e+03
1.10410596e-03 4.08652500e+03
1.11785918e-03 4.13391588e+03
1.13178372e-03 4.18181992e+03
1.14588170e-03 4.23024150e+03
1.16015530e-03 4.27918506e+03
1.17460670e-03 4.32865501e+03
1.18923811e-03 4.37865576e+03
1.20405177e-03 4.42919173e+03
1.21904996e-03 4.48026734e+03
1.23423498e-03 4.53188700e+03
1.24960914e-03 4.58405511e+03
1.26517481e-03 4.63677606e+03
1.28093438e-03 4.69005426e+03
1.29689025e-03 4.74389407e+03
1.31304488e-03 4.79829986e+03
1.32940073e-03 4.85327600e+03
1.34596032e-03 4.90882682e+03
1.36272619e-03 4.96495664e+03
1.37970090e-03 5.02166977e+03
1.39688705e-03 5.07897050e+03
1.41428728e-03 5.13686308e+03
1.43190425e-03 5.19535176e+03
1.44974067e-03 5.25444074e+03
1.46779927e-03 5.31413423e+03
1.48608281e-03 5.37443636e+03
1.50459410e-03 5.43535126e+03
1.52333598e-03 5.49688301e+03
1.54231131e-03 5.55903568e+03
1.56152301e-03 5.62181327e+03
1.58097401e-03 5.68521975e+03
1.60066731e-03 5.74925905e+03
1.62060591e-03 5.81393505e+03
1.64079288e-03 5.87925159e+03
1.66123131e-03 5.94521244e+03
1.68192432e-03 6.01182133e+03
1.70287510e-03 6.07908193e+03
1.72408685e-03 6.14699786e+03
1.74556282e-03 6.21557267e+03
1.76730631e-03 6.28480983e+03
1.78932064e-03 6.35471278e+03
1.81160919e-03 6.42528485e+03
1.83417538e-03 6.49652932e+03
1.85702266e-03 6.56844939e+03
1.88015454e-03 6.64104817e+03
1.90357456e-03 6.71432871e+03
1.92728631e-03 6.78829395e+03
1.95129342e-03 6.86294676e+03
1.97559958e-03 6.93828989e+03
2.00020850e-03 7.01432603e+03
2.02512396e-03 7.09105774e+03
2.05034978e-03 7.16848751e+03
2.07588983e-03 7.24661768e+03
2.10174801e-03 7.32545053e+03
2.12792829e-03 7.40498819e+03
2.15443469e-03 7.48523269e+03
2.18127126e-03 7.56618593e+03
2.20844212e-03 7.64784969e+03
2.23595143e-03 7.73022563e+03
2.26380341e-03 7.81331527e+03
2.29200232e-03 7.89712000e+03
2.32055250e-03 7.98164105e+03
2.34945830e-03 8.06687954e+03
2.37872417e-03 8.15283642e+03
2.40835459e-03 8.23951248e+03
2.43835410e-03 8.32690839e+03
2.46872729e-03 8.41502461e+03
2.49947883e-03 8.50386149e+03
2.53061342e-03 8.59341917e+03
2.56213583e-03 8.68369763e+03
2.59405091e-03 8.77469669e+03
2.62636353e-03 8.86641595e+03
2.65907865e-03 8.95885488e+03
2.69220128e-03 9.05201270e+03
2.72573651e-03 9.14588848e+03
2.75968946e-03 9.24048107e+03
2.79406535e-03 9.33578912e+03
2.82886943e-03 9.43181108e+03
2.86410706e-03 9.52854517e+03
2.89978361e-03 9.62598942e+03
2.93590457e-03 9.72414161e+03
2.97247547e-03 9.82299931e+03
3.00950191e-03 9.92255986e+03
3.04698957e-03 1.00228204e+04
3.08494419e-03 1.01237777e+04
3.12337159e-03 1.02254284e+04
3.16227766e-03 1.03277689e+04
3.20166836e-03 1.04307953e+04
3.24154973e-03 1.05345035e+04
3.28192787e-03 1.06388890e+04
3.32280899e-03 1.07439471e+04
3.36419933e-03 1.08496730e+04
3.40610526e-03 1.09560614e+04
3.44853318e-03 1.10631067e+04
3.49148960e-03 1.11708031e+04
3.53498111e-03 1.12791447e+04
3.57901436e-03 1.13881249e+04
3.62359611e-03 1.14977371e+04
3.66873319e-03 1.16079743e+04
3.71443252e-03 1.17188292e+04
3.76070110e-03 1.18302941e+04
3.80754602e-03 1.19423612e+04
3.85497446e-03 1.20550221e+04
3.90299369e-03 1.21682683e+04
3.95161107e-03 1.22820907e+04
4.00083405e-03 1.23964802e+04
4.05067017e-03 1.25114272e+04
4.10112707e-03 1.26269216e+04
4.15221248e-03 1.27429531e+04
4.20393424e-03 1.28595111e+04
4.25630026e-03 1.29765846e+04
4.30931858e-03 1.30941621e+04
4.36299732e-03 1.32122319e+04
4.41734470e-03 1.33307818e+04
4.47236906e-03 1.34497993e+04
4.52807883e-03 1.35692716e+04
4.58448253e-03 1.36891852e+04
4.64158883e-03 1.38095265e+04
4.69940647e-03 1.39302815e+04
4.75794431e-03 1.40514356e+04
4.81721133e-03 1.41729741e+04
4.87721660e-03 1.42948814e+04
4.93796932e-03 1.44171421e+04
4.99947880e-03 1.45397399e+04
5.06175447e-03 1.46626583e+04
5.12480588e-03 1.47858803e+04
5.18864268e-03 1.49093886e+04
5.25327466e-03 1.50331652e+04
5.31871172e-03 1.51571920e+04
5.38496389e-03 1.52814503e+04
5.45204133e-03 1.54059209e+04
5.51995432e-03 1.55305841e+04
5.58871326e-03 1.56554201e+04
5.65832869e-03 1.57804082e+04
5.72881128e-03 1.59055275e+04
5.80017184e-03 1.60307566e+04
5.87242129e-03 1.61560736e+04
5.94557071e-03 1.62814562e+04
6.01963131e-03 1.64068815e+04
6.09461444e-03 1.65323263e+04
6.17053160e-03 1.66577668e+04
6.24739441e-03 1.67831787e+04
6.32521466e-03 1.69085373e+04
6.40400427e-03 1.70338174e+04
6.48377532e-03 1.71589932e+04
6.56454003e-03 1.72840386e+04
6.64631078e-03 1.74089268e+04
6.72910011e-03 1.75336306e+04
6.81292069e-03 1.76581224e+04
6.89778538e-03 1.77823739e+04
6.98370718e-03 1.79063563e+04
7.07069926e-03 1.80300405e+04
7.15877495e-03 1.81533966e+04
7.24794775e-03 1.82763945e+04
7.33823132e-03 1.83990032e+04
7.42963951e-03 1.85211915e+04
7.52218631e-03 1.86429276e+04
7.61588592e-03 1.87641790e+04
7.71075269e-03 1.88849128e+04
7.80680117e-03 1.90050957e+04
7.90404606e-03 1.91246934e+04
8.00250228e-03 1.92436717e+04
8.10218491e-03 1.93619953e+04
8.20310923e-03 1.94796286e+04
8.30529071e-03 1.95965355e+04
8.40874501e-03 1.97126791e+04
8.51348797e-03 1.98280223e+04
8.61953566e-03 1.99425271e+04
8.72690433e-03 2.00561551e+04
8.83561043e-03 2.01688673e+04
8.94567062e-03 2.02806242e+04
9.05710176e-03 2.03913856e+04
9.16992094e-03 2.05011108e+04
9.28414545e-03 2.06097586e+04
9.39979278e-03 2.07172870e+04
9.51688067e-03 2.08236536e+04
9.63542705e-03 2.09288154e+04
9.75545010e-03 2.10327288e+04
9.87696821e-03 2.11353495e+04
1.00000000e-02 2.12366327e+04
1.01245643e-02 2.13365331e+04
1.02506803e-02 2.14350047e+04
1.03783672e-02 2.15320009e+04
1.05076446e-02 2.16274745e+04
1.06385324e-02 2.17213779e+04
1.07710506e-02 2.18136625e+04
1.09052194e-02 2.19042796e+04
1.10410596e-02 2.19931796e+04
1.11785918e-02 2.20803124e+04
1.13178372e-02 2.21656272e+04
1.14588170e-02 2.22490729e+04
1.16015530e-02 2.23305977e+04
1.17460670e-02 2.24101491e+04
1.18923811e-02 2.24876742e+04
1.20405177e-02 2.25631195e+04
1.21904996e-02 2.26364310e+04
1.23423498e-02 2.27075541e+04
1.24960914e-02 2.27764340e+04
1.26517481e-02 2.28430149e+04
1.28093438e-02 2.29072409e+04
1.29689025e-02 2.29690556e+04
1.31304488e-02 2.30284022e+04
1.32940073e-02 2.30852233e+04
1.34596032e-02 2.31394613e+04
1.36272619e-02 2.31910583e+04
1.37970090e-02 2.32399560e+04
1.39688705e-02 2.32860959e+04
1.41428728e-02 2.33294193e+04
1.43190425e-02 2.33698672e+04
1.44974067e-02 2.34073807e+04
1.46779927e-02 2.34419006e+04
1.48608281e-02 2.34733679e+04
1.50459410e-02 2.35017236e+04
1.52333598e-02 2.35269088e+04
1.54231131e-02 2.35488650e+04
1.56152301e-02 2.35675337e+04
1.58097401e-02 2.35828570e+04
1.60066731e-02 2.35947775e+04
1.62060591e-02 2.36032384e+04
1.64079288e-02 2.36081835e+04
1.66123131e-02 2.36095575e+04
1.68192432e-02 2.36073061e+04
1.70287510e-02 2.36013760e+04
1.72408685e-02 2.35917152e+04
1.74556282e-02 2.35782731e+04
1.76730631e-02 2.35610005e+04
1.78932064e-02 2.35398500e+04
1.81160919e-02 2.35147762e+04
1.83417538e-02 2.34857355e+04
1.85702266e-02 2.34526867e+04
1.88015454e-02 2.34155911e+04
1.90357456e-02 2.33744124e+04
1.92728631e-02 2.33291175e+04
1.95129342e-02 2.32796761e+04
1.97559958e-02 2.32260612e+04
2.00020850e-02 2.31682496e+04
2.02512396e-02 2.31062214e+04
2.05034978e-02 2.30399611e+04
2.07588983e-02 2.29694570e+04
2.10174801e-02 2.28947023e+04
2.12792829e-02 2.28156944e+04
2.15443469e-02 2.27324358e+04
2.18127126e-02 2.26449344e+04
2.20844212e-02 2.25532030e+04
2.23595143e-02 2.24572601e+04
2.26380341e-02 2.23571301e+04
2.29200232e-02 2.22528433e+04
2.32055250e-02 2.21444360e+04
2.34945830e-02 2.20319509e+04
2.37872417e-02 2.19154372e+04
2.40835459e-02 2.17949505e+04
2.43835410e-02 2.16705533e+04
2.46872729e-02 2.15423146e+04
2.49947883e-02 2.14103104e+04
2.53061342e-02 2.12746235e+04
2.56213583e-02 2.11353435e+04
2.59405091e-02 2.09925667e+04
2.62636353e-02 2.08463965e+04
2.65907865e-02 2.06969426e+04
2.69220128e-02 2.05443214e+04
2.72573651e-02 2.03886555e+04
2.75968946e-02 2.02300738e+04
2.79406535e-02 2.00687111e+04
2.82886943e-02 1.99047077e+04
2.86410706e-02 1.97382094e+04
2.89978361e-02 1.95693669e+04
2.93590457e-02 1.93983356e+04
2.97247547e-02 1.92252751e+04
3.00950191e-02 1.90503487e+04
3.04698957e-02 1.88737233e+04
3.08494419e-02 1.86955684e+04
3.12337159e-02 1.85160561e+04
3.16227766e-02 1.83353601e+04
3.20166836e-02 1.81536558e+04
3.24154973e-02 1.79711191e+04
3.28192787e-02 1.77879264e+04
3.32280899e-02 1.76042538e+04
3.36419933e-02 1.74202766e+04
3.40610526e-02 1.72361688e+04
3.44853318e-02 1.70521027e+04
3.49148960e-02 1.68682483e+04
3.53498111e-02 1.66847728e+04
3.57901436e-02 1.65018403e+04
3.62359611e-02 1.63196111e+04
3.66873319e-02 1.61382417e+04
3.71443252e-02 1.59578842e+04
3.76070110e-02 1.57786859e+04
3.80754602e-02 1.56007893e+04
3.85497446e-02 1.54243314e+04
3.90299369e-02 1.52494439e+04
3.95161107e-02 1.50762526e+04
4.00083405e-02 1.49048778e+04
4.05067017e-02 1.47354334e+04
4.10112707e-02 1.45680274e+04
4.15221248e-02 1.44027612e+04
4.20393424e-02 1.42397302e+04
4.25630026e-02 1.40790233e+04
4.30931858e-02 1.39207226e+04
4.36299732e-02 1.37649038e+04
4.41734470e-02 1.36116359e+04
4.47236906e-02 1.34609810e+04
4.52807883e-02 1.33129943e+04
4.58448253e-02 1.31677239e+04
4.64158883e-02 1.30252107e+04
4.69940647e-02 1.28854880e+04
4.75794431e-02 1.27485815e+04
4.81721133e-02 1.26145089e+04
4.87721660e-02 1.24832794e+04
4.93796932e-02 1.23548938e+04
4.99947880e-02 1.22293433e+04
5.06175447e-02 1.21066099e+04
5.12480588e-02 1.19866651e+04
5.18864268e-02 1.18694701e+04
5.25327466e-02 1.17549744e+04
5.31871172e-02 1.16431159e+04
5.38496389e-02 1.15338197e+04
5.45204133e-02 1.14269980e+04
5.51995432e-02 1.13225490e+04
5.58871326e-02 1.12203565e+04
5.65832869e-02 1.11202894e+04
5.72881128e-02 1.10222012e+04
5.80017184e-02 1.09259292e+04
5.87242129e-02 1.08312951e+04
5.94557071e-02 1.07381037e+04
6.01963131e-02 1.06461440e+04
6.09461444e-02 1.05551888e+04
6.17053160e-02 1.04649951e+04
6.24739441e-02 1.03753052e+04
6.32521466e-02 1.02858476e+04
6.40400427e-02 1.01963380e+04
6.48377532e-02 1.01064816e+04
6.56454003e-02 1.00159744e+04
6.64631078e-02 9.92450624e+03
6.72910011e-02 9.83176333e+03
6.81292069e-02 9.73743152e+03
6.89778538e-02 9.64119998e+03
6.98370718e-02 9.54276509e+03
7.07069926e-02 9.44183486e+03
7.15877495e-02 9.33813350e+03
7.24794775e-02 9.23140629e+03
7.33823132e-02 9.12142466e+03
7.42963951e-02 9.00799127e+03
7.52218631e-02 8.89094510e+03
7.61588592e-02 8.77016646e+03
7.71075269e-02 8.64558166e+03
7.80680117e-02 8.51716734e+03
7.90404606e-02 8.38495423e+03
8.00250228e-02 8.24903031e+03
8.10218491e-02 8.10954307e+03
8.20310923e-02 7.96670090e+03
8.30529071e-02 7.82077344e+03
8.40874501e-02 7.67209073e+03
8.51348797e-02 7.52104121e+03
8.61953566e-02 7.36806844e+03
8.72690433e-02 7.21366653e+03
8.83561043e-02 7.05837443e+03
8.94567062e-02 6.90276895e+03
9.05710176e-02 6.74745677e+03
9.16992094e-02 6.59306550e+03
9.28414545e-02 6.44023400e+03
9.39979278e-02 6.28960207e+03
9.51688067e-02 6.14179982e+03
9.63542705e-02 5.99743687e+03
9.75545010e-02 5.85709160e+03
9.87696821e-02 5.72130071e+03
1.00000000e-01 5.59054919e+03
1.01245643e-01 5.46526104e+03
1.02506803e-01 5.34579073e+03
1.03783672e-01 5.23241557e+03
1.05076446e-01 5.12532925e+03
1.06385324e-01 5.02463640e+03
1.07710506e-01 4.93034843e+03
1.09052194e-01 4.84238073e+03
1.10410596e-01 4.76055123e+03
1.11785918e-01 4.68458051e+03
1.13178372e-01 4.61409360e+03
1.14588170e-01 4.54862359e+03
1.16015530e-01 4.48761731e+03
1.17460670e-01 4.43044320e+03
1.18923811e-01 4.37640155e+03
1.20405177e-01 4.32473731e+03
1.21904996e-01 4.27465552e+03
1.23423498e-01 4.22533924e+03
1.24960914e-01 4.17596985e+03
1.26517481e-01 4.12574937e+03
1.28093438e-01 4.07392415e+03
1.29689025e-01 4.01980927e+03
1.31304488e-01 3.96281256e+03
1.32940073e-01 3.90245722e+03
1.34596032e-01 3.83840183e+03
1.36272619e-01 3.77045643e+03
1.37970090e-01 3.69859359e+03
1.39688705e-01 3.62295349e+03
1.41428728e-01 3.54384224e+03
1.43190425e-01 3.46172306e+03
1.44974067e-01 3.37720053e+03
1.46779927e-01 3.29099822e+03
1.48608281e-01 3.20393064e+03
1.50459410e-01 3.11687093e+03
1.52333598e-01 3.03071569e+03
1.54231131e-01 2.94634869e+03
1.56152301e-01 2.86460523e+03
1.58097401e-01 2.78623870e+03
1.60066731e-01 2.71189081e+03
1.62060591e-01 2.64206650e+03
1.64079288e-01 2.57711446e+03
1.66123131e-01 2.51721376e+03
1.68192432e-01 2.46236689e+03
1.70287510e-01 2.41239947e+03
1.72408685e-01 2.36696674e+03
1.74556282e-01 2.32556692e+03
1.76730631e-01 2.28756162e+03
1.78932064e-01 2.25220306e+03
1.81160919e-01 2.21866791e+03
1.83417538e-01 2.18609705e+03
1.85702266e-01 2.15363972e+03
1.88015454e-01 2.12050009e+03
1.90357456e-01 2.08598357e+03
1.92728631e-01 2.04953937e+03
1.95129342e-01 2.01079579e+03
1.97559958e-01 1.96958472e+03
2.00020850e-01 1.92595251e+03
2.02512396e-01 1.88015539e+03
2.05034978e-01 1.83263901e+03
2.07588983e-01 1.78400338e+03
2.10174801e-01 1.73495592e+03
2.12792829e-01 1.68625656e+03
2.15443469e-01 1.63865962e+03
2.18127126e-01 1.59285729e+03
2.20844212e-01 1.54942916e+03
2.23595143e-01 1.50880162e+03
2.26380341e-01 1.47121963e+03
2.29200232e-01 1.43673273e+03
2.32055250e-01 1.40519576e+03
2.34945830e-01 1.37628451e+03
2.37872417e-01 1.34952525e+03
2.40835459e-01 1.32433670e+03
2.43835410e-01 1.30008174e+03
2.46872729e-01 1.27612518e+03
2.49947883e-01 1.25189271e+03
2.53061342e-01 1.22692493e+03
2.56213583e-01 1.20092057e+03
2.59405091e-01 1.17376301e+03
2.62636353e-01 1.14552631e+03
2.65907865e-01 1.11645936e+03
2.69220128e-01 1.08694967e+03
2.72573651e-01 1.05747151e+03
2.75968946e-01 1.02852524e+03
2.79406535e-01 1.00057554e+03
2.82886943e-01 9.73996601e+02
2.86410706e-01 9.49030563e+02
2.89978361e-01 9.25763879e+02
2.93590457e-01 9.04123871e+02
2.97247547e-01 8.83895411e+02
3.00950191e-01 8.64755495e+02
3.04698957e-01 8.46321305e+02
3.08494419e-01 8.28205501e+02
3.12337159e-01 8.10071058e+02
3.16227766e-01 7.91677442e+02
3.20166836e-01 7.72910733e+02
3.24154973e-01 7.53792629e+02
3.28192787e-01 7.34466856e+02
3.32280899e-01 7.15165695e+02
3.36419933e-01 6.96163056e+02
3.40610526e-01 6.77722972e+02
3.44853318e-01 6.60052952e+02
3.49148960e-01 6.43270329e+02
3.53498111e-01 6.27387026e+02
3.57901436e-01 6.12314644e+02
3.62359611e-01 5.97888072e+02
3.66873319e-01 5.83902495e+02
3.71443252e-01 5.70156140e+02
3.76070110e-01 5.56489931e+02
3.80754602e-01 5.42815793e+02
3.85497446e-01 5.29127766e+02
3.90299369e-01 5.15494118e+02
3.95161107e-01 5.02033157e+02
4.00083405e-01 4.88879333e+02
4.05067017e-01 4.76148359e+02
4.10112707e-01 4.63909862e+02
4.15221248e-01 4.52173771e+02
4.20393424e-01 4.40892864e+02
4.25630026e-01 4.29979711e+02
4.30931858e-01 4.19332654e+02
4.36299732e-01 4.08863274e+02
4.41734470e-01 3.98517703e+02
4.47236906e-01 3.88286184e+02
4.52807883e-01 3.78198936e+02
4.58448253e-01 3.68310641e+02
4.64158883e-01 3.58679197e+02
4.69940647e-01 3.49345835e+02
4.75794431e-01 3.40322725e+02
4.81721133e-01 3.31591350e+02
4.87721660e-01 3.23111165e+02
4.93796932e-01 3.14834669e+02
4.99947880e-01 3.06723126e+02
5.06175447e-01 2.98757368e+02
5.12480588e-01 2.90940275e+02
5.18864268e-01 2.83290883e+02
5.25327466e-01 2.75833196e+02
5.31871172e-01 2.68584572e+02
5.38496389e-01 2.61548249e+02
5.45204133e-01 2.54712525e+02
5.51995432e-01 2.48056182e+02
5.58871326e-01 2.41557177e+02
5.65832869e-01 2.35200573e+02
5.72881128e-01 2.28982331e+02
5.80017184e-01 2.22907788e+02
5.87242129e-01 2.16986106e+02
5.94557071e-01 2.11223719e+02
6.01963131e-01 2.05620006e+02
6.09461444e-01 2.00166975e+02
6.17053160e-01 1.94852694e+02
6.24739441e-01 1.89666296e+02
6.32521466e-01 1.84601839e+02
6.40400427e-01 1.79659095e+02
6.48377532e-01 1.74841187e+02
6.56454003e-01 1.70150668e+02
6.64631078e-01 1.65586422e+02
6.72910011e-01 1.61143087e+02
6.81292069e-01 1.56813116e+02
6.89778538e-01 1.52590012e+02
6.98370718e-01 1.48470611e+02
7.07069926e-01 1.44455046e+02
7.15877495e-01 1.40544551e+02
7.24794775e-01 1.36738741e+02
7.33823132e-01 1.33034286e+02
7.42963951e-01 1.29425834e+02
7.52218631e-01 1.25908417e+02
7.61588592e-01 1.22479436e+02
7.71075269e-01 1.19138715e+02
7.80680117e-01 1.15886653e+02
7.90404606e-01 1.12722043e+02
8.00250228e-01 1.09641404e+02
8.10218491e-01 1.06640366e+02
8.20310923e-01 1.03715812e+02
8.30529071e-01 1.00866829e+02
8.40874501e-01 9.80935932e+01
8.51348797e-01 9.53953028e+01
8.61953566e-01 9.27692002e+01
8.72690433e-01 9.02116419e+01
8.83561043e-01 8.77200818e+01
8.94567062e-01 8.52938636e+01
9.05710176e-01 8.29329873e+01
9.16992094e-01 8.06362420e+01
9.28414545e-01 7.84008192e+01
9.39979278e-01 7.62238297e+01
9.51688067e-01 7.41039014e+01
9.63542705e-01 7.20409294e+01
9.75545010e-01 7.00343149e+01
9.87696821e-01 6.80819381e+01
1.00000000e+00 6.61811752e+01
1.01245643e+00 6.43305830e+01
1.02506803e+00 6.25299728e+01
1.03783672e+00 6.07788001e+01
1.05076446e+00 5.90751629e+01
1.06385324e+00 5.74168304e+01
1.07710506e+00 5.58027547e+01
1.09052194e+00 5.42327938e+01
1.10410596e+00 5.27061078e+01
1.11785918e+00 5.12207546e+01
1.13178372e+00 4.97751000e+01
1.14588170e+00 4.83687077e+01
1.16015530e+00 4.70012495e+01
1.17460670e+00 4.56713255e+01
1.18923811e+00 4.43772303e+01
1.20405177e+00 4.31182617e+01
1.21904996e+00 4.18942111e+01
1.23423498e+00 4.07040186e+01
1.24960914e+00 3.95461253e+01
1.26517481e+00 3.84197978e+01
1.28093438e+00 3.73248275e+01
1.29689025e+00 3.62602516e+01
1.31304488e+00 3.52247021e+01
1.32940073e+00 3.42176075e+01
1.34596032e+00 3.32387061e+01
1.36272619e+00 3.22869696e+01
1.37970090e+00 3.13612901e+01
1.39688705e+00 3.04613423e+01
1.41428728e+00 2.95866789e+01
1.43190425e+00 2.87362000e+01
1.44974067e+00 2.79092127e+01
1.46779927e+00 2.71055002e+01
1.48608281e+00 2.63242816e+01
1.50459410e+00 2.55646596e+01
1.52333598e+00 2.48263655e+01
1.54231131e+00 2.41089037e+01
1.56152301e+00 2.34113773e+01
1.58097401e+00 2.27334115e+01
1.60066731e+00 2.20746630e+01
1.62060591e+00 2.14343192e+01
1.64079288e+00 2.08119551e+01
1.66123131e+00 2.02072845e+01
1.68192432e+00 1.96195776e+01
1.70287510e+00 1.90484284e+01
1.72408685e+00 1.84935557e+01
1.74556282e+00 1.79542908e+01
1.76730631e+00 1.74302972e+01
1.78932064e+00 1.69212590e+01
1.81160919e+00 1.64265697e+01
1.83417538e+00 1.59459812e+01
1.85702266e+00 1.54791029e+01
1.88015454e+00 1.50254344e+01
1.90357456e+00 1.45847776e+01
1.92728631e+00 1.41566608e+01
1.95129342e+00 1.37407500e+01
1.97559958e+00 1.33367905e+01
2.00020850e+00 1.29443225e+01
2.02512396e+00 1.25631486e+01
2.05034978e+00 1.21928851e+01
2.07588983e+00 1.18332349e+01
2.10174801e+00 1.14839551e+01
2.12792829e+00 1.11446699e+01
2.15443469e+00 1.08151989e+01
2.18127126e+00 1.04951812e+01
2.20844212e+00 1.01844171e+01
2.23595143e+00 9.88261248e+00
2.26380341e+00 9.58952489e+00
2.29200232e+00 9.30492503e+00
2.32055250e+00 9.02854349e+00
2.34945830e+00 8.76019199e+00
2.37872417e+00 8.49959676e+00
2.40835459e+00 8.24659008e+00
2.43835410e+00 8.00090812e+00
2.46872729e+00 7.76239294e+00
2.49947883e+00 7.53079630e+00
2.53061342e+00 7.30596593e+00
2.56213583e+00 7.08767052e+00
2.59405091e+00 6.87576161e+00
2.62636353e+00 6.67002569e+00
2.65907865e+00 6.47031544e+00
2.69220128e+00 6.27643774e+00
2.72573651e+00 6.08824196e+00
2.75968946e+00 5.90555908e+00
2.79406535e+00 5.72823110e+00
2.82886943e+00 5.55611422e+00
2.86410706e+00 5.38904453e+00
2.89978361e+00 5.22689628e+00
2.93590457e+00 5.06951108e+00
2.97247547e+00 4.91676507e+00
3.00950191e+00 4.76852110e+00
3.04698957e+00 4.62464539e+00
3.08494419e+00 4.48502317e+00
3.12337159e+00 4.34952097e+00
3.16227766e+00 4.21802633e+00
3.20166836e+00 4.09042562e+00
3.24154973e+00 3.96659923e+00
3.28192787e+00 3.84644524e+00
3.32280899e+00 3.72985628e+00
3.36419933e+00 3.61672480e+00
3.40610526e+00 3.50695591e+00
3.44853318e+00 3.40045165e+00
3.49148960e+00 3.29711365e+00
3.53498111e+00 3.19685290e+00
3.57901436e+00 3.09958140e+00
3.62359611e+00 3.00520942e+00
3.66873319e+00 2.91365254e+00
3.71443252e+00 2.82483096e+00
3.76070110e+00 2.73866465e+00
3.80754602e+00 2.65507455e+00
3.85497446e+00 2.57398561e+00
3.90299369e+00 2.49532589e+00
3.95161107e+00 2.41902450e+00
4.00083405e+00 2.34501162e+00
4.05067017e+00 2.27321978e+00
4.10112707e+00 2.20358416e+00
4.15221248e+00 2.13604190e+00
4.20393424e+00 2.07053161e+00
4.25630026e+00 2.00699336e+00
4.30931858e+00 1.94536889e+00
4.36299732e+00 1.88560178e+00
4.41734470e+00 1.82763732e+00
4.47236906e+00 1.77142243e+00
4.52807883e+00 1.71690552e+00
4.58448253e+00 1.66403643e+00
4.64158883e+00 1.61276643e+00
4.69940647e+00 1.56304817e+00
4.75794431e+00 1.51483567e+00
4.81721133e+00 1.46808429e+00
4.87721660e+00 1.42275066e+00
4.93796932e+00 1.37879270e+00
4.99947880e+00 1.33616954e+00
5.06175447e+00 1.29484147e+00
5.12480588e+00 1.25476996e+00
5.18864268e+00 1.21591759e+00
5.25327466e+00 1.17824803e+00
5.31871172e+00 1.14172601e+00
5.38496389e+00 1.10631727e+00
5.45204133e+00 1.07198855e+00
5.51995432e+00 1.03870756e+00
5.58871326e+00 1.00644293e+00
5.65832869e+00 9.75164202e-01
5.72881128e+00 9.44841838e-01
5.80017184e+00 9.15447197e-01
5.87242129e+00 8.86952491e-01
5.94557071e+00 8.59330700e-01
6.01963131e+00 8.32555530e-01
6.09461444e+00 8.06601467e-01
6.17053160e+00 7.81443852e-01
6.24739441e+00 7.57058787e-01
6.32521466e+00 7.33422941e-01
6.40400427e+00 7.10513624e-01
6.48377532e+00 6.88308992e-01
6.56454003e+00 6.66787831e-01
6.64631078e+00 6.45929358e-01
6.72910011e+00 6.25713574e-01
6.81292069e+00 6.06121116e-01
6.89778538e+00 5.87132972e-01
6.98370718e+00 5.68730928e-01
7.07069926e+00 5.50897196e-01
7.15877495e+00 5.33614475e-01
7.24794775e+00 5.16866136e-01
7.33823132e+00 5.00635826e-01
7.42963951e+00 4.84907912e-01
7.52218631e+00 4.69667002e-01
7.61588592e+00 4.54898371e-01
7.71075269e+00 4.40587540e-01
7.80680117e+00 4.26720635e-01
7.90404606e+00 4.13284059e-01
8.00250228e+00 4.00264702e-01
8.10218491e+00 3.87649838e-01
8.20310923e+00 3.75427062e-01
8.30529071e+00 3.63584431e-01
8.40874501e+00 3.52110299e-01
8.51348797e+00 3.40993364e-01
8.61953566e+00 3.30222707e-01
8.72690433e+00 3.19787719e-01
8.83561043e+00 3.09678087e-01
8.94567062e+00 2.99883825e-01
9.05710176e+00 2.90395259e-01
9.16992094e+00 2.81202998e-01
9.28414545e+00 2.72297930e-01
9.39979278e+00 2.63671217e-01
9.51688067e+00 2.55314292e-01
9.63542705e+00 2.47218846e-01
9.75545010e+00 2.39376822e-01
9.87696821e+00 2.31780405e-01
1.00000000e+01 2.24422020e-01
1.01245643e+01 2.17294318e-01
1.02506803e+01 2.10390173e-01
1.03783672e+01 2.03702678e-01
1.05076446e+01 1.97225132e-01
1.06385324e+01 1.90951040e-01
1.07710506e+01 1.84874107e-01
1.09052194e+01 1.78988225e-01
1.10410596e+01 1.73287473e-01
1.11785918e+01 1.67766109e-01
1.13178372e+01 1.62418567e-01
1.14588170e+01 1.57239458e-01
1.16015530e+01 1.52223546e-01
1.17460670e+01 1.47365758e-01
1.18923811e+01 1.42661184e-01
1.20405177e+01 1.38105053e-01
1.21904996e+01 1.33692748e-01
1.23423498e+01 1.29419790e-01
1.24960914e+01 1.25281835e-01
1.26517481e+01 1.21274679e-01
1.28093438e+01 1.17394240e-01
1.29689025e+01 1.13636564e-01
1.31304488e+01 1.09997821e-01
1.32940073e+01 1.06474293e-01
1.34596032e+01 1.03062381e-01
1.36272619e+01 9.97585971e-02
1.37970090e+01 9.65595559e-02
1.39688705e+01 9.34619800e-02
1.41428728e+01 9.04626929e-02
1.43190425e+01 8.75586156e-02
1.44974067e+01 8.47467637e-02
1.46779927e+01 8.20242452e-02
1.48608281e+01 7.93882573e-02
1.50459410e+01 7.68360840e-02
1.52333598e+01 7.43650933e-02
1.54231131e+01 7.19727346e-02
1.56152301e+01 6.96565364e-02
1.58097401e+01 6.74141038e-02
1.60066731e+01 6.52431157e-02
1.62060591e+01 6.31413229e-02
1.64079288e+01 6.11065468e-02
1.66123131e+01 5.91366763e-02
1.68192432e+01 5.72296650e-02
1.70287510e+01 5.53835307e-02
1.72408685e+01 5.35963534e-02
1.74556282e+01 5.18662714e-02
1.76730631e+01 5.01914825e-02
1.78932064e+01 4.85702395e-02
1.81160919e+01 4.70008503e-02
1.83417538e+01 4.54816754e-02
1.85702266e+01 4.40111261e-02
1.88015454e+01 4.25876637e-02
1.90357456e+01 4.12097975e-02
1.92728631e+01 3.98760833e-02
1.95129342e+01 3.85851220e-02
1.97559958e+01 3.73355581e-02
2.00020850e+01 3.61260789e-02
2.02512396e+01 3.49554125e-02
2.05034978e+01 3.38223270e-02
2.07588983e+01 3.27256290e-02
2.10174801e+01 3.16641626e-02
2.12792829e+01 3.06368081e-02
2.15443469e+01 2.96424808e-02
2.18127126e+01 2.86801304e-02
2.20844212e+01 2.77487394e-02
2.23595143e+01 2.68473220e-02
2.26380341e+01 2.59749240e-02
2.29200232e+01 2.51306207e-02
2.32055250e+01 2.43135167e-02
2.34945830e+01 2.35227449e-02
2.37872417e+01 2.27574653e-02
2.40835459e+01 2.20168644e-02
2.43835410e+01 2.13001546e-02
2.46872729e+01 2.06065728e-02
2.49947883e+01 1.99353802e-02
2.53061342e+01 1.92858613e-02
2.56213583e+01 1.86573231e-02
2.59405091e+01 1.80490947e-02
2.62636353e+01 1.74605262e-02
2.65907865e+01 1.68909883e-02
2.69220128e+01 1.63398717e-02
2.72573651e+01 1.58065864e-02
2.75968946e+01 1.52905609e-02
2.79406535e+01 1.47912420e-02
2.82886943e+01 1.43080940e-02
2.86410706e+01 1.38405982e-02
2.89978361e+01 1.33882522e-02
2.93590457e+01 1.29505697e-02
2.97247547e+01 1.25270798e-02
3.00950191e+01 1.21173265e-02
3.04698957e+01 1.17208685e-02
3.08494419e+01 1.13372783e-02
3.12337159e+01 1.09661421e-02
3.16227766e+01 1.06070591e-02
